7.912327831567639578e+02
7.912063323233229539e+02
7.912326103038719793e+02
7.954849971307610303e+02
8.138504696200429862e+02
7.994168250404610490e+02
7.956242179997530002e+02
8.092017549391759985e+02
8.090522296881130160e+02
8.039078403008669511e+02
7.996274381373229971e+02
8.128927295852359975e+02
8.039333627294699909e+02
8.037950055634870523e+02
8.130109860101880486e+02
8.173780287171739474e+02
8.229665119543039964e+02
8.176902154580650404e+02
8.175520781044319847e+02
8.174412524036169998e+02
8.259408189944369951e+02
8.257001213936249542e+02
8.230977558444200213e+02
8.383841625086380418e+02
8.381248154225270355e+02
8.326305896169319567e+02
8.324544026916239545e+02
8.383901324991420552e+02
8.423214142986989827e+02
8.584078798174230087e+02
8.583593325146259758e+02
8.535932375883139684e+02
8.534835071583739818e+02
8.532810352443240163e+02
8.454083221997969986e+02
8.451010807378950176e+02
8.634897429566200344e+02
8.586012447714809923e+02
8.693796131899340480e+02
8.692778927408769505e+02
8.636437716825339521e+02
8.696150144311540089e+02
8.723590456360450389e+02
8.729949718862410464e+02
8.770161320982640518e+02
8.826837517305240226e+02
8.842910756403870209e+02
8.884793649315330413e+02
8.955626174694599513e+02
8.953837878516980027e+02
8.916828994282319627e+02
9.003865384582990146e+02
9.063696585891680115e+02
9.063724875297499466e+02
9.064741725550379670e+02
9.118244662814170169e+02
9.163882887122839520e+02
9.164627132044380460e+02
9.181797540616649940e+02
9.244213149764340187e+02
9.245722893291230093e+02
9.302397349590060003e+02
9.303843198363040301e+02
9.428660308900949758e+02
9.363883808873549697e+02
9.364119766229059678e+02
9.429998328924129964e+02
9.486219913497390053e+02
9.531303628831160495e+02
9.594638866414320546e+02
9.595137499481160148e+02
9.660146481965789462e+02
9.659137959271820364e+02
9.661720078857299541e+02
9.703261164982410492e+02
9.739588101379709997e+02
9.705297037439969472e+02
9.742949451570880228e+02
9.817934976410609806e+02
1.024278279088759973e+03
1.017670295982819994e+03
1.008720189224409978e+03
1.008462843717150008e+03
1.002504000424920036e+03
9.977559764880929833e+02
9.925103697351280516e+02
9.923853076042480552e+02
9.898905585399339770e+02
9.898158206485020401e+02
9.896928174955149871e+02
1.018022510243829970e+03
1.008462539504639949e+03
1.002816569498730018e+03
1.002705652145250042e+03
1.022298493304269982e+03
1.027622469327779982e+03
1.027722775459410059e+03
1.028041789975299935e+03
1.031794896723250076e+03
1.039190338082459903e+03
1.042836261263420056e+03
1.047494657463159911e+03
1.042963982330609952e+03
1.047590605011060006e+03
1.055805601105580081e+03
1.060545561387539919e+03
1.064877393458979896e+03
1.064798252915220019e+03
1.070213822415729965e+03
1.075521651681749972e+03
1.075443489040650093e+03
1.080496790457920042e+03
1.087647330291029903e+03
1.094008976348349961e+03
1.087782040411590060e+03
1.111291407563980101e+03
1.111160288736839902e+03
1.102993570301410045e+03
1.102754680109070023e+03
1.099483544908840031e+03
1.099068758846919991e+03
1.117463136071479994e+03
1.117464661224759993e+03
1.117666229763279944e+03
1.125660491841859994e+03
1.125600281994730040e+03
1.125596527294700081e+03
1.126015268447499921e+03
1.134427062765719938e+03
1.134532700068109989e+03
1.134892124425570046e+03
1.144351233050480005e+03
1.144596307243320098e+03
1.150698557386830089e+03
1.151294200263449966e+03
1.153024093148580050e+03
1.158550808181659932e+03
1.165610099310739997e+03
1.165760587752680067e+03
1.173434211265599970e+03
1.173840827702990055e+03
1.181556117135379964e+03
1.187308861986160082e+03
1.187172760183160108e+03
1.187172296836720079e+03
1.193271542566149947e+03
1.200691034581360100e+03
1.202599131900889915e+03
1.203948042966110052e+03
